servicename: helloservice
creationtimestamp: 2023-02-07 12:17:01.037681051 +0000 UTC
creationtimestamp: 2023-02-07 12:17:04.125904737 +0000 UTC
